pitch: 0
roll: 0
x: 360115.3219041895
y: 145353.48499091796
yaw: 0
z: 0
