pitch: 0
roll: 0
x: 363780.8365448151
y: 142879.33139886713
yaw: 0
z: 0
