header: 
  seq: 338
  stamp: 
    secs: 1526980438
    nsecs: 536385059
  frame_id: "gps"
status: 
  status: 0
  service: 1
latitude: 1.31684333333 
longitude: 103.74813
altitude: 0.0
position_covariance: [67.24, 0.0, 0.0, 0.0, 67.24, 0.0, 0.0, 0.0, 268.96]
position_covariance_type: 1

